2.21034e-12 1.98968e-10 6.58892e-09 8.02695e-08 3.59743e-07 5.93115e-07 3.59743e-07 8.02695e-08 6.58892e-09 1.98968e-10 2.21034e-12 1.98968e-10 1.79105e-08 5.93115e-07 7.22562e-06 3.2383e-05 5.33905e-05 3.2383e-05 7.22562e-06 5.93115e-07 1.79105e-08 1.98968e-10 6.58892e-09 5.93115e-07 1.96413e-05 0.00023928 0.00107238 0.00176805 0.00107238 0.00023928 1.96413e-05 5.93115e-07 6.58892e-09 8.02695e-08 7.22562e-06 0.00023928 0.00291502 0.0130642 0.0215393 0.0130642 0.00291502 0.00023928 7.22562e-06 8.02695e-08 3.59743e-07 3.2383e-05 0.00107238 0.0130642 0.0585498 0.0965324 0.0585498 0.0130642 0.00107238 3.2383e-05 3.59743e-07 5.93115e-07 5.33905e-05 0.00176805 0.0215393 0.0965324 0.159155 0.0965324 0.0215393 0.00176805 5.33905e-05 5.93115e-07 3.59743e-07 3.2383e-05 0.00107238 0.0130642 0.0585498 0.0965324 0.0585498 0.0130642 0.00107238 3.2383e-05 3.59743e-07 8.02695e-08 7.22562e-06 0.00023928 0.00291502 0.0130642 0.0215393 0.0130642 0.00291502 0.00023928 7.22562e-06 8.02695e-08 6.58892e-09 5.93115e-07 1.96413e-05 0.00023928 0.00107238 0.00176805 0.00107238 0.00023928 1.96413e-05 5.93115e-07 6.58892e-09 1.98968e-10 1.79105e-08 5.93115e-07 7.22562e-06 3.2383e-05 5.33905e-05 3.2383e-05 7.22562e-06 5.93115e-07 1.79105e-08 1.98968e-10 2.21034e-12 1.98968e-10 6.58892e-09 8.02695e-08 3.59743e-07 5.93115e-07 3.59743e-07 8.02695e-08 6.58892e-09 1.98968e-10 2.21034e-12 